31  CURRENT.ALM
 305 589824

1
80
0
 3.17573547363281E-04  5.57518005371094E-03 -2.47018761001527E-09
 5.15369531250000E+03 -8.07807326316833E-01 -1.25996232032776E-01
 5.22318840026855E-01  1.23023986816406E-04  2.54658516496420E-11
0
12

2
61
0
 1.62544250488281E-02  7.66372680664062E-03 -2.44472175836563E-09
 5.15283398437500E+03 -8.60130786895752E-01 -3.29762816429138E-01
 7.98072218894958E-01 -2.42233276367188E-04  1.09139364212751E-11
0
9

3
69
0
 5.74874877929688E-03  1.44767761230469E-02 -2.49565346166492E-09
 5.15352832031250E+03 -4.97311830520630E-01  3.60088944435120E-01
-2.87892818450928E-01  6.63757324218750E-04  7.27595761418343E-12
0
11

4
74
0
 3.24678421020508E-03  7.85446166992188E-03 -2.55749910138547E-09
 5.15360888671875E+03 -1.54727816581726E-01 -9.31427836418152E-01
 6.36243581771851E-01  5.27381896972656E-04  7.27595761418343E-12
0
12

5
50
0
 5.57613372802734E-03  1.02920532226562E-02 -2.52475729212165E-09
 5.15369970703125E+03 -5.14752745628357E-01  4.20214772224426E-01
 8.53829622268677E-01 -2.02178955078125E-04  0.00000000000000E+00
0
10

6
67
0
 3.48329544067383E-03  1.49383544921875E-02 -2.37196218222380E-09
 5.15374902343750E+03 -8.26963067054749E-01 -2.14834928512573E-01
 1.04241490364075E-01 -1.89781188964844E-04 -2.54658516496420E-11
0
11

7
48
0
 1.91445350646973E-02  2.65121459960938E-03 -2.46654963120818E-09
 5.15370312500000E+03  1.67046546936035E-01 -6.60666584968567E-01
-1.39409184455872E-01 -1.43051147460938E-05  0.00000000000000E+00
0
10

8
72
0
 1.04985237121582E-02  2.09236145019531E-03 -2.61570676229894E-09
 5.15369042968750E+03  8.21370005607605E-01  1.34973287582397E-01
 7.35302090644836E-01  4.80651855468750E-04  7.27595761418343E-12
0
11

9
68
0
 3.07369232177734E-03  5.87463378906250E-03 -2.59024091064930E-09
 5.15370898437500E+03 -1.74310326576233E-01  6.46769165992737E-01
 9.21621084213257E-01  5.68389892578125E-04  1.45519152283669E-11
0
11

10
73
0
 1.01256370544434E-02  1.43527984619141E-02 -2.49201548285782E-09
 5.15360302734375E+03 -4.98113870620728E-01 -7.36175417900085E-01
-6.31591558456421E-01 -3.19480895996094E-04 -1.45519152283669E-11
0
11

11
78
0
 1.70755386352539E-03  7.51495361328125E-03 -2.45199771597981E-09
 5.15356982421875E+03 -8.18316936492920E-01 -7.42961645126343E-01
 4.68649387359619E-01 -7.46726989746094E-04  3.63797880709171E-12
0
12

12
58
0
 9.03701782226562E-03  5.70106506347656E-03 -2.56477505899966E-09
 5.15368505859375E+03  5.22417306900024E-01  4.70434427261353E-01
-3.72980594635010E-01 -5.70297241210938E-04 -3.63797880709171E-12
0
10

13
43
0
 8.89396667480469E-03  9.84382629394531E-03 -2.51748133450747E-09
 5.15363330078125E+03 -1.20257616043091E-01  3.06113123893738E-01
 6.62410855293274E-01  6.96182250976562E-04  0.00000000000000E+00
0
9

14
77
0
 5.31291961669922E-03  4.00543212890625E-04 -2.61934474110603E-09
 5.15364892578125E+03  5.06934046745300E-01 -9.09978151321411E-01
-4.07831072807312E-01  5.98907470703125E-04  7.27595761418343E-12
0
12

15
55
0
 1.61375999450684E-02 -1.38664245605469E-03 -2.67027644440532E-09
 5.15369970703125E+03 -2.17164874076843E-01  4.43644165992737E-01
 4.19605016708374E-01  2.64167785644531E-04  3.63797880709171E-12
0
10

16
56
0
 1.45344734191895E-02  5.48744201660156E-03 -2.56841303780675E-09
 5.15363720703125E+03  5.27998447418213E-01  2.78790354728699E-01
-9.31089639663696E-01 -5.24520874023438E-05  1.09139364212751E-11
0
9

17
53
0
 1.31926536560059E-02  7.14302062988281E-03 -2.56113708019257E-09
 5.15357421875000E+03  8.52822065353394E-01 -3.91784071922302E-01
 7.43012189865112E-01  4.23431396484375E-04 -1.81898940354586E-11
0
10

18
75
0
 4.82368469238281E-03  1.01299285888672E-02 -2.41925590671599E-09
 5.15366552734375E+03 -8.26859831809998E-01 -9.35526847839355E-01
 1.00819706916809E-01 -6.52313232421875E-04  3.63797880709171E-12
0
12

19
59
0
 1.01423263549805E-02  6.90460205078125E-03 -2.55022314377129E-09
 5.15355712890625E+03  8.66879343986511E-01  8.64138841629028E-01
-6.60350561141968E-01  5.97953796386719E-04  3.63797880709171E-12
0
9

20
51
0
 3.71885299682617E-03  4.64439392089844E-03 -2.56113708019257E-09
 5.15365136718750E+03 -5.57240486145020E-01 -7.34393119812012E-01
 2.02510952949524E-01  3.66210937500000E-04  0.00000000000000E+00
0
9

22
44
0
 1.33318901062012E-02  5.28717041015625E-03 -2.57205101661384E-09
 5.15361230468750E+03  5.29052257537842E-01 -3.39761018753052E-01
 9.04194593429565E-01 -9.72747802734375E-05  0.00000000000000E+00
0
9

23
76
0
 5.01537322998047E-03  1.27983093261719E-02 -2.50656739808619E-09
 5.15358496093750E+03 -5.07751703262329E-01 -9.05209422111511E-01
-2.55006432533264E-01  4.24385070800781E-04  7.27595761418343E-12
0
12

24
65
0
 1.64880752563477E-02 -2.49290466308594E-03 -2.53930920735002E-09
 5.15363769531250E+03  1.34686112403870E-01  3.33878040313721E-01
 1.50334715843201E-01 -4.51087951660156E-04  3.63797880709171E-12
0
11

25
62
0
 1.23848915100098E-02  1.93023681640625E-03 -2.59751686826348E-09
 5.15361083984375E+03  4.93894815444946E-01  3.55343699455261E-01
-4.20530915260315E-01  4.94956970214844E-04  0.00000000000000E+00
0
11

26
71
0
 9.87720489501953E-03 -4.18090820312500E-03 -2.64481059275568E-09
 5.15371728515625E+03  4.72424149513245E-01  1.96524381637573E-01
-6.80925369262695E-01 -9.25064086914062E-05 -1.81898940354586E-11
0
11

27
66
0
 1.33948326110840E-02  4.98390197753906E-03 -2.58296495303512E-09
 5.15362988281250E+03  8.30517888069153E-01  2.60928869247437E-01
 7.72217154502869E-01 -3.14712524414062E-05  0.00000000000000E+00
0
11

28
79
0
 3.60488891601562E-04  6.17218017578125E-03 -2.44835973717272E-09
 5.15351464843750E+03  1.57487034797668E-01  3.33315134048462E-01
-4.07580852508545E-01 -5.60760498046875E-04 -7.27595761418343E-12
0
12

29
57
0
 2.98309326171875E-03  7.95173645019531E-03 -2.55022314377129E-09
 5.15364599609375E+03  8.57819914817810E-01  8.32234382629395E-01
 7.35909819602966E-01 -5.36918640136719E-04  3.63797880709171E-12
0
10

30
64
0
 7.39717483520508E-03 -2.06565856933594E-03 -2.51748133450747E-09
 5.15368505859375E+03  1.65980577468872E-01 -7.73880362510681E-01
-1.97664380073547E-01 -2.15530395507812E-04  7.27595761418343E-12
0
11

31
52
0
 1.06468200683594E-02  3.88908386230469E-03 -2.46654963120818E-09
 5.15357958984375E+03  1.74241542816162E-01  2.55126714706421E-01
-4.58709001541138E-01 -2.15530395507812E-04  0.00000000000000E+00
0
10

32
70
1
 8.42332839965820E-03  6.91795349121094E-03 -2.57568899542093E-09
 5.15351757812500E+03 -1.69328570365906E-01 -6.66723132133484E-01
 9.49023962020874E-01 -5.20706176757812E-04  7.27595761418343E-12
0
11

